1596602951473,74
1596602951477,148
1596602951485,222
1596602951489,296
1596602951493,370
1596602951502,370
1596602951506,370
1596602951510,370
1596602951514,370
1596602951522,370
1596602951526,370
1596602951530,370
1596602951534,370
1596602951543,370
1596602951547,370
1596602951551,370
1596602951558,370
1596602951563,370
1596602951567,370
1596602951571,370
1596602951579,370
1596602951583,370
1596602951587,370
1596602951591,370
1596602951599,370
1596602951605,370
1596602951609,370
1596602951617,370
1596602951621,370
1596602951625,370
1596602951629,370
1596602951637,370
1596602951641,370
1596602951645,370
1596602951650,370
1596602951658,370
1596602951662,370
1596602951666,370
1596602951674,370
1596602951678,370
1596602951682,370
1596602951686,370
1596602951695,370
1596602951699,370
1596602951703,370
1596602951707,370
1596602951715,370
1596602951719,370
1596602951723,370
1596602951731,370
1596602951736,370
1596602951740,370
1596602951744,370
1596602951752,370
1596602951756,370
1596602951760,370
1596602951764,370
1596602951772,370
1596602951776,370
1596602951781,370
1596602951789,370
1596602951793,370
1596602951797,370
1596602951801,370
1596602951809,370
1596602951813,370
1596602951817,370
1596602951821,370
1596602951830,370
1596602951834,370
1596602951838,370
1596602951846,370
1596602951850,370
1596602951854,370
1596602951858,370
1596602951866,370
1596602951871,370
1596602951875,370
1596602951879,370
1596602951887,370
1596602951891,370
1596602951895,370
1596602951903,370
1596602951907,370
1596602951912,370
1596602951916,370
1596602951924,370
1596602951928,370
1596602951932,370
1596602951936,370
1596602951944,370
1596602951948,370
1596602951952,370
1596602951961,370
1596602951965,370
1596602951969,370
1596602951973,370
1596602951981,370
1596602951985,370
1596602951989,370
1596602951993,370
1596602952002,370
1596602952006,370
1596602952010,370
1596602952018,370
1596602952022,370
1596602952026,370
1596602952030,370
1596602952038,370
1596602952043,370
1596602952047,370
1596602952051,370
1596602952059,370
1596602952063,370
1596602952067,370
1596602952071,370
1596602952079,370
1596602952084,370
1596602952088,370
1596602952096,370
1596602952100,370
1596602952104,370
1596602952108,370
1596602952116,370
1596602952120,370
1596602952124,370
1596602952129,370
1596602952137,370
1596602952141,370
1596602952145,370
1596602952153,370
1596602952157,370
1596602952161,370
1596602952165,370
1596602952174,370
1596602952178,370
1596602952182,370
1596602952186,370
1596602952194,370
1596602952198,370
1596602952202,370
1596602952210,370
1596602952215,370
1596602952219,370
1596602952223,370
1596602952231,370
1596602952235,370
1596602952239,370
1596602952243,370
1596602952251,370
1596602952256,370
1596602952260,370
1596602952267,370
1596602952271,370
1596602952276,370
1596602952280,370
1596602952288,370
1596602952292,370
1596602952296,370
1596602952300,370
1596602952309,370
1596602952313,370
1596602952317,370
1596602952325,370
1596602952329,370
1596602952333,370
1596602952338,370
1596602952346,370
1596602952350,370
1596602952354,370
1596602952358,370
1596602952366,370
1596602952370,370
1596602952374,370
1596602952382,370
1596602952387,370
1596602952391,370
1596602952395,370
1596602952403,370
1596602952407,370
1596602952411,370
1596602952415,370
1596602952423,370
1596602952428,370
1596602952432,370
1596602952440,370
1596602952444,370
1596602952448,370
1596602952452,370
1596602952460,370
1596602952464,370
1596602952469,370
1596602952473,370
1596602952481,370
1596602952485,370
1596602952489,370
1596602952493,370
1596602952501,370
1596602952505,370
1596602952509,370
1596602952518,370
1596602952522,370
1596602952526,370
1596602952530,370
1596602952538,370
1596602952542,370
1596602952546,370
1596602952550,370
1596602952559,370
1596602952563,370
1596602952567,370
1596602952575,370
1596602952579,370
1596602952583,370
1596602952587,370
1596602952595,370
1596602952600,370
1596602952604,370
1596602952608,370
1596602952616,370
1596602952620,370
1596602952624,370
1596602952632,370
1596602952636,370
1596602952640,370
1596602952645,370
1596602952653,370
1596602952657,370
1596602952661,370
1596602952665,370
1596602952673,370
1596602952677,370
1596602952681,370
1596602952690,370
1596602952694,370
1596602952698,370
1596602952702,370
1596602952710,370
1596602952714,370
1596602952718,370
1596602952722,370
1596602952731,370
1596602952735,370
1596602952739,370
1596602952747,370
1596602952751,370
1596602952755,370
1596602952759,370
1596602952767,370
1596602952772,370
1596602952776,370
1596602952780,370
1596602952788,370
1596602952792,370
1596602952796,370
1596602952804,370
1596602952808,370
1596602952812,370
1596602952817,370
1596602952825,370
1596602952829,370
1596602952833,370
1596602952837,370
1596602952845,370
1596602952849,370
1596602952853,370
1596602952861,370
1596602952866,370
1596602952870,370
1596602952874,370
1596602952882,370
1596602952886,370
1596602952890,370
1596602952894,370
1596602952902,370
1596602952906,370
1596602952910,370
1596602952914,370
1596602952923,370
1596602952927,370
1596602952931,370
1596602952939,370
1596602952943,370
1596602952947,370
1596602952951,370
1596602952959,370
1596602952964,370
1596602952968,370
1596602952972,370
1596602952980,370
1596602952984,370
1596602952988,370
1596602952996,370
1596602953000,370
1596602953005,370
1596602953009,370
1596602953017,370
1596602953021,370
1596602953025,370
1596602953029,370
1596602953037,370
1596602953041,370
1596602953045,370
1596602953054,370
1596602953058,370
1596602953062,370
1596602953066,370
1596602953074,370
1596602953078,370
1596602953082,370
1596602953086,370
1596602953095,370
1596602953099,370
1596602953103,370
1596602953111,370
1596602953115,370
1596602953119,370
1596602953123,370
1596602953131,370
1596602953136,370
1596602953140,370
1596602953144,370
1596602953152,370
1596602953156,370
1596602953160,370
1596602953168,370
1596602953172,370
1596602953177,370
1596602953181,370
1596602953189,370
1596602953193,370
1596602953197,370
1596602953201,370
1596602953209,370
1596602953213,370
1596602953217,370
1596602953226,370
1596602953230,370
1596602953234,370
1596602953238,370
1596602953247,370
1596602953251,370
1596602953255,370
1596602953259,370
1596602953268,370
1596602953272,370
1596602953276,370
1596602953280,370
1596602953288,370
1596602953292,370
1596602953296,370
1596602953304,370
1596602953309,370
1596602953313,370
1596602953317,370
1596602953325,370
1596602953329,370
1596602953333,370
1596602953337,370
1596602953345,370
1596602953350,370
1596602953354,370
1596602953362,370
1596602953366,370
1596602953370,370
1596602953374,370
1596602953382,370
1596602953386,370
1596602953390,370
1596602953394,370
1596602953403,370
1596602953406,370
1596602953411,370
1596602953419,370
1596602953423,370
1596602953427,370
1596602953431,370
1596602953440,370
1596602953443,370
1596602953447,370
1596602953452,370
1596602953460,370
1596602953464,370
1596602953468,370
1596602953476,370
1596602953481,370
1596602953484,370
1596602953488,370
1596602953497,370
1596602953501,370
1596602953505,370
1596602953509,370
1596602953517,370
1596602953521,370
1596602953525,370
1596602953533,370
1596602953537,370
1596602953542,370
1596602953546,370
1596602953554,370
1596602953558,370
1596602953562,370
1596602953566,370
1596602953574,370
1596602953578,370
1596602953583,370
1596602953591,370
1596602953595,370
1596602953599,370
1596602953603,370
1596602953611,370
1596602953615,370
1596602953619,370
1596602953623,370
1596602953632,370
1596602953636,370
1596602953640,370
1596602953648,370
1596602953652,370
1596602953656,370
1596602953660,370
1596602953668,370
1596602953672,370
1596602953677,370
1596602953681,370
1596602953689,370
1596602953693,370
1596602953697,370
1596602953701,370
1596602953709,370
1596602953713,370
1596602953718,370
1596602953726,370
1596602953730,370
1596602953734,370
1596602953738,370
1596602953746,370
1596602953750,370
1596602953755,370
1596602953758,370
1596602953767,370
1596602953771,370
1596602953775,370
1596602953783,370
1596602953787,370
1596602953791,370
1596602953795,370
1596602953804,370
1596602953808,370
1596602953812,370
1596602953816,370
1596602953824,370
1596602953828,370
1596602953832,370
1596602953840,370
1596602953844,370
1596602953849,370
1596602953853,370
1596602953861,370
1596602953865,370
1596602953869,370
1596602953873,370
1596602953881,370
1596602953885,370
1596602953890,370
1596602953898,370
1596602953902,370
1596602953906,370
1596602953910,370
1596602953918,370
1596602953922,370
1596602953926,370
1596602953930,370
1596602953939,370
1596602953943,370
1596602953947,370
1596602953955,370
1596602953959,370
1596602953963,370
1596602953967,370
1596602953976,370
1596602953980,370
1596602953984,370
1596602953988,370
1596602953996,370
1596602954000,370
1596602954004,370
1596602954012,370
1596602954016,370
1596602954021,370
1596602954025,370
1596602954033,370
1596602954037,370
1596602954041,370
1596602954045,370
1596602954053,370
1596602954057,370
1596602954062,370
1596602954069,370
1596602954074,370
1596602954078,370
1596602954082,370
1596602954090,370
1596602954094,370
1596602954098,370
1596602954102,370
1596602954110,370
1596602954115,370
1596602954119,370
1596602954123,370
1596602954131,370
1596602954135,370
1596602954139,370
1596602954147,370
1596602954151,370
1596602954155,370
1596602954159,370
1596602954168,370
1596602954172,370
1596602954176,370
1596602954180,370
1596602954188,370
1596602954192,370
1596602954196,370
1596602954204,370
1596602954209,370
1596602954213,370
1596602954217,370
1596602954225,370
1596602954229,370
1596602954233,370
1596602954237,370
1596602954245,370
1596602954250,370
1596602954254,370
1596602954262,370
1596602954266,370
1596602954270,370
1596602954274,370
1596602954282,370
1596602954286,370
1596602954290,370
1596602954295,370
1596602954303,370
1596602954307,370
1596602954311,370
1596602954319,370
1596602954323,370
1596602954328,370
1596602954331,370
1596602954340,370
1596602954345,370
1596602954349,370
1596602954353,370
1596602954361,370
1596602954365,370
1596602954369,370
1596602954377,370
1596602954382,370
1596602954386,370
1596602954390,370
1596602954398,370
1596602954402,370
1596602954406,370
1596602954410,370
1596602954418,370
1596602954423,370
1596602954427,370
1596602954435,370
1596602954439,370
1596602954443,370
1596602954447,370
1596602954455,370
1596602954459,370
1596602954463,370
1596602954468,370
1596602954476,370
1596602954480,370
1596602954484,370
1596602954492,370
1596602954496,370
1596602954500,370
1596602954504,370
1596602954513,370
1596602954517,370
1596602954521,370
1596602954525,370
1596602954533,370
1596602954537,370
1596602954541,370
1596602954545,370
1596602954554,370
1596602954558,370
1596602954562,370
1596602954570,370
1596602954574,370
1596602954578,370
1596602954582,370
1596602954590,370
1596602954595,370
1596602954599,370
1596602954603,370
1596602954611,370
1596602954615,370
1596602954619,370
1596602954627,370
1596602954631,370
1596602954635,370
1596602954640,370
1596602954648,370
1596602954652,370
1596602954656,370
1596602954660,370
1596602954668,370
1596602954672,370
1596602954676,370
1596602954685,370
1596602954689,370
1596602954692,370
1596602954696,370
1596602954705,370
1596602954709,370
1596602954713,370
1596602954717,370
1596602954725,370
1596602954729,370
1596602954733,370
1596602954742,370
1596602954746,370
1596602954750,370
1596602954754,370
1596602954762,370
1596602954766,370
1596602954770,370
1596602954774,370
1596602954782,370
1596602954787,370
1596602954791,370
1596602954799,370
1596602954803,370
1596602954807,370
1596602954811,370
1596602954819,370
1596602954823,370
1596602954828,370
1596602954832,370
1596602954840,370
1596602954844,370
1596602954848,370
1596602954856,370
1596602954860,370
1596602954864,370
1596602954868,370
1596602954877,370
1596602954881,370
1596602954885,370
1596602954889,370
1596602954897,370
1596602954901,370
1596602954905,370
1596602954909,370
1596602954917,370
1596602954922,370
1596602954926,370
1596602954934,370
1596602954938,370
1596602954942,370
1596602954946,370
1596602954954,370
1596602954958,370
1596602954963,370
1596602954967,370
1596602954975,370
1596602954979,370
1596602954983,370
1596602954991,370
1596602954995,370
1596602954999,370
1596602955003,370
1596602955012,370
1596602955016,370
1596602955020,370
1596602955024,370
1596602955032,370
1596602955036,370
1596602955040,370
1596602955049,370
1596602955053,370
1596602955057,370
1596602955061,370
1596602955069,370
1596602955073,370
1596602955077,370
1596602955081,370
1596602955089,370
1596602955094,370
1596602955098,370
1596602955106,370
1596602955110,370
1596602955114,370
1596602955118,370
1596602955126,370
1596602955130,370
1596602955135,370
1596602955139,370
1596602955147,370
1596602955151,370
1596602955155,370
1596602955163,370
1596602955167,370
1596602955171,370
1596602955175,370
1596602955184,370
1596602955188,370
1596602955192,370
1596602955196,370
1596602955204,370
1596602955208,370
1596602955212,370
1596602955220,370
1596602955225,370
1596602955229,370
1596602955233,370
1596602955241,370
1596602955245,370
1596602955249,370
1596602955253,370
1596602955261,370
1596602955266,370
1596602955270,370
1596602955277,370
1596602955282,370
1596602955286,370
1596602955290,370
1596602955298,370
1596602955302,370
1596602955307,370
1596602955311,370
1596602955319,370
1596602955323,370
1596602955327,370
1596602955331,370
1596602955339,370
1596602955343,370
1596602955347,370
1596602955355,370
1596602955360,370
1596602955363,370
1596602955368,370
1596602955376,370
1596602955380,370
1596602955384,370
1596602955388,370
1596602955396,370
1596602955400,370
1596602955404,370
1596602955413,370
1596602955417,370
1596602955421,370
1596602955425,370
1596602955433,370
1596602955437,370
1596602955441,370
1596602955446,370
1596602955455,370
1596602955459,370
1596602955463,370
1596602955471,370
1596602955475,370
1596602955480,370
1596602955484,370
1596602955491,370
1596602955495,370
1596602955500,370
1596602955504,370
1596602955512,370
1596602955516,370
1596602955520,370
1596602955528,370
1596602955532,370
1596602955536,370
1596602955541,370
1596602955549,370
1596602955553,370
1596602955557,370
1596602955561,370
1596602955569,370
1596602955573,370
1596602955577,370
1596602955586,370
1596602955590,370
1596602955594,370
1596602955598,370
1596602955606,370
1596602955610,370
1596602955614,370
1596602955618,370
1596602955627,370
1596602955631,370
1596602955635,370
1596602955643,370
1596602955647,370
1596602955651,370
1596602955655,370
1596602955663,370
1596602955667,370
1596602955672,370
1596602955676,370
1596602955684,370
1596602955688,370
1596602955692,370
1596602955700,370
1596602955704,370
1596602955708,370
1596602955713,370
1596602955721,370
1596602955725,370
1596602955729,370
1596602955733,370
1596602955741,370
1596602955745,370
1596602955749,370
1596602955753,370
1596602955762,370
1596602955766,370
1596602955770,370
1596602955778,370
1596602955782,370
1596602955786,370
1596602955790,370
1596602955799,370
1596602955803,370
1596602955807,370
1596602955811,370
1596602955819,370
1596602955823,370
1596602955827,370
1596602955835,370
1596602955839,370
1596602955844,370
1596602955848,370
1596602955856,370
1596602955860,370
1596602955864,370
1596602955868,370
1596602955876,370
1596602955880,370
1596602955884,370
1596602955892,370
1596602955896,370
1596602955900,370
1596602955905,370
1596602955913,370
1596602955917,370
1596602955921,370
1596602955925,370
1596602955933,370
1596602955937,370
1596602955941,370
1596602955950,370
1596602955954,370
1596602955958,370
1596602955962,370
1596602955970,370
1596602955974,370
1596602955978,370
1596602955982,370
1596602955991,370
1596602955995,370
1596602955999,370
1596602956007,370
1596602956011,370
1596602956016,370
1596602956019,370
1596602956027,370
1596602956032,370
1596602956036,370
1596602956040,370
1596602956048,370
1596602956052,370
1596602956056,370
1596602956064,370
1596602956068,370
1596602956072,370
1596602956076,370
1596602956085,370
1596602956089,370
1596602956093,370
1596602956097,370
1596602956105,370
1596602956109,370
1596602956113,370
1596602956121,370
1596602956126,370
1596602956130,370
1596602956134,370
1596602956142,370
1596602956146,370
1596602956150,370
1596602956154,370
1596602956162,370
1596602956167,370
1596602956171,370
1596602956175,370
1596602956183,370
1596602956187,370
1596602956191,370
1596602956199,370
1596602956203,370
1596602956207,370
1596602956212,370
1596602956220,370
1596602956224,370
1596602956228,370
1596602956232,370
1596602956240,370
1596602956244,370
1596602956248,370
1596602956257,370
1596602956261,370
1596602956265,370
1596602956269,370
1596602956277,370
1596602956281,370
1596602956285,370
1596602956289,370
1596602956298,370
1596602956302,370
1596602956306,370
1596602956314,370
1596602956318,370
1596602956322,370
1596602956326,370
1596602956334,370
1596602956339,370
1596602956343,370
1596602956347,370
1596602956355,370
1596602956359,370
1596602956363,370
1596602956371,370
1596602956375,370
1596602956379,370
1596602956384,370
1596602956392,370
1596602956396,370
1596602956400,370
1596602956404,370
1596602956412,370
1596602956416,370
1596602956420,370
1596602956429,370
1596602956433,370
1596602956437,370
1596602956441,370
1596602956449,370
1596602956453,370
1596602956457,370
1596602956461,370
1596602956470,370
1596602956474,370
1596602956478,370
1596602956486,370
1596602956490,370
1596602956494,370
1596602956498,370
1596602956506,370
1596602956511,370
1596602956515,370
1596602956519,370
1596602956527,370
1596602956531,370
1596602956535,370
1596602956539,370
1596602956548,370
1596602956552,370
1596602956557,370
1596602956565,370
1596602956569,370
1596602956573,370
1596602956577,370
1596602956585,370
1596602956589,370
1596602956593,370
1596602956598,370
1596602956606,370
1596602956609,370
1596602956613,370
1596602956622,370
1596602956626,370
1596602956630,370
1596602956634,370
1596602956642,370
1596602956646,370
1596602956650,370
1596602956655,370
1596602956663,370
1596602956667,370
1596602956671,370
1596602956679,370
1596602956683,370
1596602956687,370
1596602956691,370
1596602956699,370
1596602956704,370
1596602956708,370
1596602956712,370
1596602956720,370
1596602956724,370
1596602956728,370
1596602956736,370
1596602956740,370
1596602956745,370
1596602956749,370
1596602956757,370
1596602956761,370
1596602956765,370
1596602956769,370
1596602956777,370
1596602956781,370
1596602956785,370
1596602956794,370
1596602956798,370
1596602956802,370
1596602956806,370
1596602956814,370
1596602956818,370
1596602956822,370
1596602956826,370
1596602956835,370
1596602956839,370
1596602956843,370
1596602956851,370
1596602956855,370
1596602956859,370
1596602956863,370
1596602956871,370
1596602956876,370
1596602956880,370
1596602956884,370
1596602956892,370
1596602956896,370
1596602956900,370
1596602956908,370
1596602956912,370
1596602956917,370
1596602956921,370
1596602956929,370
1596602956933,370
1596602956937,370
1596602956941,370
1596602956949,370
1596602956953,370
1596602956957,370
1596602956962,370
1596602956970,370
1596602956974,370
1596602956978,370
1596602956986,370
1596602956990,370
1596602956994,370
1596602956998,370
1596602957007,370
1596602957011,370
1596602957015,370
1596602957019,370
1596602957027,370
1596602957031,370
1596602957035,370
1596602957043,370
1596602957048,370
1596602957052,370
1596602957056,370
1596602957064,370
1596602957068,370
1596602957072,370
1596602957076,370
1596602957084,370
1596602957089,370
1596602957093,370
1596602957101,370
1596602957105,370
1596602957109,370
1596602957113,370
1596602957121,370
1596602957125,370
1596602957129,370
1596602957133,370
1596602957141,370
1596602957145,370
1596602957150,370
1596602957158,370
1596602957162,370
1596602957166,370
1596602957170,370
1596602957178,370
1596602957182,370
1596602957186,370
1596602957191,370
1596602957199,370
1596602957203,370
1596602957207,370
1596602957215,370
1596602957219,370
1596602957223,370
1596602957227,370
1596602957236,370
1596602957240,370
1596602957244,370
1596602957248,370
1596602957256,370
1596602957260,370
1596602957264,370
1596602957272,370
1596602957277,370
1596602957281,370
1596602957285,370
1596602957293,370
1596602957297,370
1596602957301,370
1596602957305,370
1596602957313,370
1596602957317,370
1596602957322,370
1596602957330,370
1596602957334,370
1596602957338,370
1596602957342,370
1596602957350,370
1596602957354,370
1596602957358,370
1596602957362,370
1596602957371,370
1596602957375,370
1596602957379,370
1596602957383,370
1596602957391,370
1596602957395,370
1596602957399,370
1596602957407,370
1596602957411,370
1596602957416,370
1596602957420,370
1596602957428,370
1596602957432,370
1596602957436,370
1596602957440,370
1596602957448,370
1596602957452,370
1596602957457,370
1596602957465,370
1596602957469,370
1596602957473,370
1596602957477,370
1596602957485,370
1596602957489,370
1596602957493,370
1596602957497,370
1596602957506,370
1596602957510,370
1596602957514,370
1596602957522,370
1596602957526,370
1596602957530,370
1596602957534,370
1596602957543,370
1596602957547,370
1596602957551,370
1596602957555,370
1596602957563,370
1596602957567,370
1596602957571,370
1596602957579,370
1596602957583,370
1596602957588,370
1596602957592,370
1596602957600,370
1596602957604,370
1596602957608,370
1596602957612,370
1596602957620,370
1596602957624,370
1596602957629,370
1596602957638,370
1596602957641,370
1596602957646,370
1596602957650,370
1596602957658,370
1596602957662,370
1596602957666,370
1596602957670,370
1596602957679,370
1596602957683,370
1596602957687,370
1596602957695,370
1596602957699,370
1596602957703,370
1596602957707,370
1596602957716,370
1596602957720,370
1596602957724,370
1596602957728,370
1596602957736,370
1596602957740,370
1596602957744,370
1596602957752,370
1596602957756,370
1596602957761,370
1596602957765,370
1596602957773,370
1596602957777,370
1596602957781,370
1596602957785,370
1596602957793,370
1596602957797,370
1596602957802,370
1596602957806,370
1596602957814,370
1596602957818,370
1596602957822,370
1596602957830,370
1596602957834,370
1596602957838,370
1596602957842,370
1596602957850,370
1596602957854,370
1596602957859,370
1596602957863,370
1596602957871,370
1596602957875,370
1596602957879,370
1596602957887,370
1596602957891,370
1596602957895,370
1596602957899,370
1596602957908,370
1596602957912,370
1596602957916,370
1596602957920,370
1596602957928,370
1596602957932,370
1596602957936,370
1596602957944,370
1596602957949,370
1596602957953,370
1596602957957,370
1596602957965,370
1596602957969,370
1596602957973,370
1596602957977,370
1596602957985,370
1596602957990,370
1596602957994,370
1596602958002,370
1596602958006,370
1596602958010,370
1596602958014,370
1596602958022,370
1596602958026,370
1596602958030,370
1596602958035,370
1596602958043,370
1596602958047,370
1596602958051,370
1596602958059,370
1596602958063,370
1596602958067,370
1596602958071,370
1596602958080,370
1596602958084,370
1596602958088,370
1596602958092,370
1596602958100,370
1596602958104,370
1596602958108,370
1596602958116,370
1596602958121,370
1596602958125,370
1596602958129,370
1596602958137,370
1596602958141,370
1596602958145,370
1596602958149,370
1596602958157,370
1596602958162,370
1596602958166,370
1596602958170,370
1596602958178,370
1596602958182,370
1596602958186,370
1596602958194,370
1596602958198,370
1596602958202,370
1596602958207,370
1596602958215,370
1596602958219,370
1596602958223,370
1596602958227,370
1596602958235,370
1596602958239,370
1596602958243,370
1596602958252,370
1596602958256,370
1596602958260,370
1596602958264,370
1596602958272,370
1596602958276,370
1596602958280,370
1596602958284,370
1596602958293,370
1596602958297,370
1596602958301,370
1596602958309,370
1596602958313,370
1596602958317,370
1596602958321,370
1596602958329,370
1596602958334,370
1596602958338,370
1596602958342,370
1596602958350,370
1596602958354,370
1596602958358,370
1596602958366,370
1596602958370,370
1596602958374,370
1596602958378,370
1596602958386,370
1596602958390,370
1596602958395,370
1596602958399,370
1596602958407,370
1596602958411,370
1596602958415,370
1596602958424,370
1596602958428,370
1596602958432,370
1596602958436,370
1596602958444,370
1596602958448,370
1596602958452,370
1596602958456,370
1596602958465,370
1596602958469,370
1596602958472,370
1596602958481,370
1596602958485,370
1596602958489,370
1596602958493,370
1596602958501,370
1596602958505,370
1596602958509,370
1596602958513,370
1596602958521,370
1596602958526,370
1596602958530,370
1596602958538,370
1596602958542,370
1596602958546,370
1596602958550,370
1596602958558,370
1596602958562,370
1596602958566,370
1596602958570,370
1596602958579,370
1596602958583,370
1596602958587,370
1596602958591,370
1596602958599,370
1596602958603,370
1596602958607,370
1596602958616,370
1596602958620,370
1596602958624,370
1596602958628,370
1596602958636,370
1596602958640,370
1596602958644,370
1596602958648,370
1596602958656,370
1596602958661,370
1596602958665,370
1596602958673,370
1596602958677,370
1596602958681,370
1596602958685,370
1596602958693,370
1596602958697,370
1596602958702,370
1596602958706,370
1596602958714,370
1596602958718,370
1596602958722,370
1596602958730,370
1596602958734,370
1596602958738,370
1596602958743,370
1596602958752,370
1596602958756,370
1596602958760,370
1596602958764,370
1596602958772,370
1596602958776,370
1596602958780,370
1596602958788,370
1596602958793,370
1596602958797,370
1596602958801,370
1596602958809,370
1596602958813,370
1596602958817,370
1596602958822,370
1596602958829,370
1596602958834,370
1596602958838,370
1596602958846,370
1596602958850,370
1596602958854,370
1596602958858,370
1596602958866,370
1596602958870,370
1596602958875,370
1596602958879,370
1596602958887,370
1596602958891,370
1596602958895,370
1596602958903,370
1596602958907,370
1596602958911,370
1596602958915,370
1596602958924,370
1596602958928,370
1596602958932,370
1596602958936,370
1596602958944,370
1596602958948,370
1596602958952,370
1596602958960,370
1596602958965,370
1596602958969,370
1596602958973,370
1596602958981,370
1596602958985,370
1596602958989,370
1596602958993,370
1596602959001,370
1596602959006,370
1596602959010,370
1596602959014,370
1596602959022,370
1596602959026,370
1596602959030,370
1596602959038,370
1596602959042,370
1596602959047,370
1596602959051,370
1596602959059,370
1596602959062,370
1596602959067,370
1596602959071,370
1596602959079,370
1596602959083,370
1596602959087,370
1596602959095,370
1596602959099,370
1596602959103,370
1596602959108,370
1596602959116,370
1596602959120,370
1596602959124,370
1596602959128,370
1596602959136,370
1596602959140,370
1596602959144,370
1596602959153,370
1596602959157,370
1596602959161,370
1596602959165,370
1596602959173,370
1596602959177,370
1596602959181,370
1596602959185,370
1596602959194,370
1596602959198,370
1596602959202,370
1596602959210,370
1596602959214,370
1596602959218,370
1596602959222,370
1596602959230,370
1596602959234,370
1596602959239,370
1596602959243,370
1596602959251,370
1596602959255,370
1596602959259,370
1596602959267,370
1596602959271,370
1596602959275,370
1596602959280,370
1596602959288,370
1596602959292,370
1596602959296,370
1596602959300,370
1596602959308,370
1596602959312,370
1596602959316,370
1596602959325,370
1596602959329,370
1596602959333,370
1596602959337,370
1596602959345,370
1596602959349,370
1596602959353,370
1596602959357,370
1596602959366,370
1596602959370,370
1596602959374,370
1596602959382,370
1596602959386,370
1596602959390,370
1596602959394,370
1596602959402,370
1596602959406,370
1596602959411,370
1596602959415,370
1596602959423,370
1596602959427,370
1596602959431,370
1596602959435,370
1596602959443,370
1596602959447,370
1596602959452,370
1596602959460,370
1596602959464,370
1596602959468,370
1596602959472,370
1596602959480,370
1596602959484,370
1596602959488,370
1596602959492,370
1596602959501,370
1596602959505,370
1596602959509,370
1596602959517,370
1596602959521,370
1596602959525,370
1596602959529,370
1596602959538,370
1596602959542,370
1596602959546,370
1596602959550,370
1596602959558,370
1596602959562,370
1596602959566,370
1596602959574,370
1596602959578,370
1596602959583,370
1596602959587,370
1596602959595,370
1596602959599,370
1596602959603,370
1596602959607,370
1596602959615,370
1596602959619,370
1596602959623,370
1596602959631,370
1596602959635,370
1596602959640,370
1596602959644,370
1596602959652,370
1596602959656,370
1596602959660,370
1596602959664,370
1596602959672,370
1596602959676,370
1596602959680,370
1596602959689,370
1596602959693,370
1596602959697,370
1596602959701,370
1596602959709,370
1596602959713,370
1596602959717,370
1596602959721,370
1596602959730,370
1596602959734,370
1596602959738,370
1596602959746,370
1596602959750,370
1596602959754,370
1596602959758,370
1596602959766,370
1596602959770,370
1596602959775,370
1596602959779,370
1596602959787,370
1596602959791,370
1596602959795,370
1596602959803,370
1596602959807,370
1596602959811,370
1596602959815,370
1596602959825,370
1596602959828,370
1596602959832,370
1596602959837,370
1596602959845,370
1596602959849,370
1596602959853,370
1596602959857,370
1596602959866,370
1596602959870,370
1596602959874,370
1596602959882,370
1596602959886,370
1596602959890,370
1596602959894,370
1596602959902,370
1596602959907,370
1596602959911,370
1596602959915,370
1596602959923,370
1596602959927,370
1596602959931,370
1596602959939,370
1596602959943,370
1596602959947,370
1596602959952,370
1596602959960,370
1596602959964,370
1596602959968,370
1596602959972,370
1596602959980,370
1596602959984,370
1596602959988,370
1596602959997,370
1596602960001,370
1596602960005,370
1596602960009,370
1596602960017,370
1596602960021,370
1596602960025,370
1596602960029,370
1596602960038,370
1596602960042,370
1596602960046,370
1596602960054,370
1596602960058,370
1596602960062,370
1596602960066,370
1596602960074,370
1596602960079,370
1596602960083,370
1596602960087,370
1596602960095,370
1596602960099,370
1596602960103,370
1596602960111,370
1596602960115,370
1596602960119,370
1596602960124,370
1596602960132,370
1596602960136,370
1596602960140,370
1596602960144,370
1596602960152,370
1596602960156,370
1596602960160,370
1596602960169,370
1596602960173,370
1596602960177,370
1596602960181,370
1596602960189,370
1596602960193,370
1596602960197,370
1596602960201,370
1596602960210,370
1596602960214,370
1596602960218,370
1596602960222,370
1596602960230,370
1596602960234,370
1596602960238,370
1596602960246,370
1596602960251,370
1596602960255,370
1596602960259,370
1596602960267,370
1596602960271,370
1596602960275,370
1596602960279,370
1596602960287,370
1596602960291,370
1596602960296,370
1596602960303,370
1596602960308,370
1596602960312,370
1596602960316,370
1596602960324,370
1596602960328,370
1596602960332,370
1596602960336,370
1596602960344,370
1596602960348,370
1596602960353,370
1596602960361,370
1596602960365,370
1596602960369,370
1596602960373,370
1596602960381,370
1596602960385,370
1596602960389,370
1596602960393,370
1596602960402,370
1596602960406,370
1596602960410,370
1596602960418,370
1596602960422,370
1596602960426,370
1596602960430,370
1596602960438,370
1596602960443,370
1596602960447,370
1596602960451,370
1596602960459,370
1596602960463,370
1596602960467,370
1596602960476,370
1596602960480,370
1596602960484,370
1596602960488,370
1596602960496,370
1596602960500,370
1596602960504,370
1596602960509,370
1596602960517,370
1596602960521,370
1596602960525,370
1596602960533,370
1596602960537,370
1596602960541,370
1596602960545,370
1596602960554,370
1596602960558,370
1596602960562,370
1596602960566,370
1596602960574,370
1596602960578,370
1596602960582,370
1596602960590,370
1596602960595,370
1596602960599,370
1596602960603,370
1596602960611,370
1596602960615,370
1596602960619,370
1596602960623,370
1596602960631,370
1596602960635,370
1596602960640,370
1596602960644,370
1596602960652,370
1596602960656,370
1596602960660,370
1596602960668,370
1596602960672,370
1596602960676,370
1596602960681,370
1596602960689,370
1596602960693,370
1596602960697,370
1596602960701,370
1596602960709,370
1596602960713,370
1596602960717,370
1596602960726,370
1596602960730,370
1596602960734,370
1596602960738,370
1596602960746,370
1596602960750,370
1596602960754,370
1596602960758,370
1596602960767,370
1596602960771,370
1596602960775,370
1596602960783,370
1596602960787,370
1596602960791,370
1596602960795,370
1596602960803,370
1596602960807,370
1596602960812,370
1596602960816,370
1596602960824,370
1596602960828,370
1596602960832,370
1596602960840,370
1596602960844,370
1596602960848,370
1596602960853,370
1596602960861,370
1596602960864,370
1596602960869,370
1596602960873,370
1596602960881,370
1596602960885,370
1596602960889,370
1596602960897,370
1596602960901,370
1596602960905,370
1596602960909,370
1596602960918,370
1596602960922,370
1596602960926,370
1596602960930,370
1596602960938,370
1596602960942,370
1596602960946,370
1596602960954,370
1596602960959,370
1596602960963,370
1596602960967,370
1596602960975,370
1596602960979,370
1596602960983,370
1596602960987,370
1596602960995,370
1596602961000,370
1596602961004,370
1596602961012,370
1596602961016,370
1596602961020,370
1596602961024,370
1596602961032,370
1596602961036,370
1596602961041,370
1596602961045,370
1596602961053,370
1596602961057,370
1596602961061,370
1596602961065,370
1596602961073,370
1596602961077,370
1596602961081,370
1596602961090,370
1596602961094,370
1596602961098,370
1596602961102,370
1596602961110,370
1596602961114,370
1596602961118,370
1596602961122,370
1596602961131,370
1596602961135,370
1596602961139,370
1596602961147,370
1596602961151,370
1596602961155,370
1596602961159,370
1596602961167,370
1596602961172,370
1596602961176,370
1596602961180,370
1596602961188,370
1596602961192,370
1596602961196,370
1596602961204,370
1596602961208,370
1596602961213,370
1596602961217,370
1596602961225,370
1596602961229,370
1596602961233,370
1596602961237,370
1596602961245,370
1596602961249,370
1596602961253,370
1596602961262,370
1596602961266,370
1596602961270,370
1596602961274,370
1596602961282,370
1596602961286,370
1596602961290,370
1596602961294,370
1596602961303,370
1596602961307,370
1596602961311,370
1596602961319,370
1596602961323,370
1596602961327,370
1596602961331,370
1596602961339,370
1596602961344,370
1596602961347,370
1596602961352,370
1596602961360,370
1596602961364,370
1596602961368,370
1596602961376,370
1596602961380,370
1596602961384,370
1596602961388,370
1596602961396,370
1596602961401,370
1596602961405,370
1596602961409,370
1596602961417,370
1596602961421,370
1596602961425,370
1596602961430,370
1596602961439,370
1596602961442,370
1596602961447,370
1596602961455,370
1596602961459,370
1596602961463,370
1596602961467,370
1596602961475,370
1596602961479,370
1596602961483,370
1596602961487,370
1596602961496,370
1596602961500,370
1596602961504,370
1596602961512,370
1596602961516,370
1596602961520,370
1596602961524,370
1596602961533,370
1596602961537,370
1596602961541,370
1596602961545,370
1596602961553,370
1596602961557,370
1596602961561,370
1596602961569,370
1596602961573,370
1596602961577,370
1596602961582,370
1596602961590,370
1596602961594,370
1596602961598,370
1596602961602,370
1596602961610,370
1596602961614,370
1596602961618,370
1596602961627,370
1596602961631,370
1596602961635,370
1596602961639,370
1596602961647,370
1596602961651,370
1596602961655,370
1596602961659,370
1596602961667,370
1596602961672,370
1596602961676,370
1596602961684,370
1596602961688,370
1596602961692,370
1596602961696,370
1596602961704,370
1596602961708,370
1596602961713,370
1596602961717,370
1596602961725,370
1596602961729,370
1596602961733,370
1596602961741,370
1596602961745,370
1596602961749,370
1596602961754,370
1596602961762,370
1596602961766,370
1596602961770,370
1596602961774,370
1596602961782,370
1596602961786,370
1596602961790,370
1596602961799,370
1596602961803,370
1596602961807,370
1596602961811,370
1596602961819,370
1596602961823,370
1596602961827,370
1596602961831,370
1596602961840,370
1596602961844,370
1596602961848,370
1596602961856,370
1596602961860,370
1596602961864,370
1596602961868,370
1596602961876,370
1596602961880,370
1596602961885,370
1596602961889,370
1596602961897,370
1596602961901,370
1596602961905,370
1596602961909,370
1596602961917,370
1596602961921,296
1596602961926,222
1596602961934,148
1596602961938,74
1596602961942,48
1596602961946,48
1596602961954,48
1596602961958,48
1596602961962,48
1596602961966,48
1596602961975,48
1596602961979,48
1596602961983,48
1596602961987,48
1596602961995,48
1596602961999,48
1596602962003,48
1596602962007,48
1596602962016,48
1596602962020,48
1596602962024,48
1596602962028,48
1596602962036,48
1596602962040,48
1596602962044,48
1596602962048,48
1596602962056,48
1596602962061,48
1596602962064,48
1596602962068,48
1596602962077,48
1596602962081,48
1596602962085,48
1596602962089,48
1596602962098,48
1596602962102,48
1596602962106,48
1596602962110,48
1596602962118,48
1596602962122,48
1596602962126,48
1596602962134,48
1596602962138,48
1596602962143,48
1596602962147,48
1596602962155,48
1596602962159,48
1596602962163,48
1596602962167,48
1596602962175,48
1596602962179,48
1596602962184,48
1596602962188,48
1596602962196,48
1596602962200,48
1596602962204,48
1596602962208,48
1596602962216,48
1596602962220,48
1596602962224,48
1596602962229,48
1596602962237,48
1596602962241,48
1596602962245,48
1596602962249,48
1596602962257,48
1596602962261,48
1596602962265,48
1596602962269,48
1596602962278,48
1596602962282,48
1596602962286,48
1596602962290,48
1596602962298,48
1596602962302,48
1596602962306,48
1596602962310,48
1596602962319,48
1596602962323,48
1596602962327,48
1596602962331,48
1596602962339,48
1596602962343,48
1596602962347,48
1596602962351,48
1596602962360,48
1596602962364,48
1596602962368,48
1596602962372,48
1596602962380,48
1596602962384,48
1596602962388,48
1596602962392,48
1596602962401,48
1596602962405,48
1596602962409,48
1596602962413,48
1596602962421,48
1596602962425,48
1596602962429,48
1596602962433,48
1596602962442,48
1596602962446,48
1596602962450,48
1596602962458,48
1596602962462,48
1596602962466,48
1596602962470,48
1596602962478,48
1596602962482,48
1596602962487,48
1596602962491,48
1596602962499,48
1596602962503,48
1596602962507,48
1596602962511,48
1596602962519,48
1596602962523,48
1596602962528,48
1596602962532,48
1596602962540,48
1596602962544,48
1596602962548,48
1596602962552,48
1596602962560,48
1596602962564,48
1596602962568,48
1596602962573,48
1596602962581,48
1596602962585,48
1596602962589,48
1596602962593,48
1596602962601,48
1596602962605,48
1596602962609,48
1596602962614,48
1596602962622,48
1596602962626,48
1596602962629,48
1596602962634,48
1596602962642,48
1596602962646,48
1596602962650,48
1596602962654,48
1596602962663,48
1596602962666,48
1596602962670,48
1596602962675,48
1596602962683,48
1596602962687,48
1596602962691,48
1596602962695,48
1596602962703,48
1596602962707,48
1596602962711,48
1596602962715,48
1596602962724,48
1596602962728,48
1596602962732,48
1596602962736,48
1596602962744,48
1596602962748,48
1596602962752,48
1596602962756,48
1596602962765,48
1596602962769,48
1596602962773,48
1596602962777,48
1596602962785,48
1596602962789,48
1596602962793,48
1596602962797,48
1596602962806,48
1596602962810,48
1596602962814,48
1596602962822,48
1596602962826,48
1596602962830,48
1596602962834,48
1596602962842,48
1596602962847,48
1596602962851,48
1596602962855,48
1596602962863,48
1596602962867,48
1596602962871,48
1596602962875,48
1596602962883,48
1596602962887,48
1596602962892,48
1596602962896,48
1596602962904,48
1596602962908,48
1596602962912,48
1596602962916,48
1596602962924,48
1596602962928,48
1596602962933,48
1596602962937,48
1596602962945,48
1596602962949,48
1596602962953,48
1596602962957,48
1596602962965,48
1596602962969,48
1596602962973,48
1596602962978,48
1596602962986,48
1596602962990,48
1596602962994,48
1596602962998,48
1596602963006,48
1596602963010,48
1596602963014,48
1596602963019,48
1596602963027,48
1596602963031,48
1596602963035,48
1596602963039,48
1596602963047,48
1596602963051,48
1596602963056,48
1596602963060,48
1596602963069,48
1596602963073,48
1596602963077,48
1596602963081,48
1596602963089,48
1596602963093,48
1596602963097,48
1596602963101,48
1596602963110,48
1596602963114,48
1596602963118,48
1596602963122,48
1596602963130,48
1596602963134,48
1596602963138,48
1596602963142,48
1596602963151,48
1596602963155,48
1596602963159,48
1596602963163,48
1596602963171,48
1596602963175,48
1596602963179,48
1596602963187,48
1596602963192,48
1596602963195,48
1596602963199,48
1596602963207,48
1596602963212,48
1596602963216,48
1596602963220,48
1596602963228,48
1596602963232,48
1596602963236,48
1596602963241,48
1596602963248,48
1596602963253,48
1596602963257,48
1596602963261,48
1596602963269,48
1596602963273,48
1596602963277,48
1596602963281,48
1596602963289,48
1596602963293,48
1596602963298,48
1596602963302,48
1596602963310,48
1596602963314,48
1596602963318,48
1596602963322,48
1596602963330,48
1596602963334,48
1596602963339,48
1596602963343,48
1596602963351,48
1596602963355,48
1596602963359,48
1596602963363,48
1596602963371,48
1596602963375,48
1596602963379,48
1596602963384,48
1596602963392,48
1596602963396,48
1596602963400,48
1596602963404,48
1596602963412,48
1596602963416,48
1596602963420,48
1596602963424,48
1596602963433,48
1596602963437,48
1596602963441,48
1596602963445,48
1596602963453,48
1596602963457,48
1596602963461,48
1596602963465,48
1596602963474,48
1596602963478,48
1596602963482,5000
1596602963486,48
1596602963494,48
1596602963498,48
1596602963502,48
1596602963506,48
1596602963515,48
1596602963519,48
1596602963523,48
1596602963527,48
1596602963535,48
1596602963539,48
1596602963543,48
1596602963547,48
1596602963555,48
1596602963560,48
1596602963564,48
1596602963572,48
1596602963576,48
1596602963580,48
1596602963584,48
1596602963592,48
1596602963596,48
1596602963600,48
1596602963605,48
1596602963613,48
1596602963617,48
1596602963621,48
1596602963625,48
1596602963633,48
1596602963637,48
1596602963641,48
1596602963646,48
1596602963654,48
1596602963658,48
1596602963662,48
1596602963666,48
1596602963674,48
1596602963678,48
1596602963682,48
1596602963686,48
1596602963695,48
1596602963699,48
1596602963703,48
1596602963707,48
1596602963715,48
1596602963719,48
1596602963723,48
1596602963727,48
1596602963736,48
1596602963740,48
1596602963744,48
1596602963748,48
1596602963756,48
1596602963760,48
1596602963764,48
1596602963768,48
1596602963777,48
1596602963781,48
1596602963785,48
1596602963789,48
1596602963797,48
1596602963801,48
1596602963805,48
1596602963809,48
1596602963818,48
1596602963822,48
1596602963826,48
1596602963830,48
1596602963838,48
1596602963842,48
1596602963846,48
1596602963850,48
1596602963858,48
1596602963863,48
1596602963867,48
1596602963871,48
1596602963879,48
1596602963883,48
1596602963887,48
1596602963891,48
1596602963899,48
1596602963904,48
1596602963908,48
1596602963915,48
1596602963920,48
1596602963924,48
1596602963928,48
1596602963936,48
1596602963940,48
1596602963944,48
1596602963948,48
1596602963956,48
1596602963960,48
1596602963965,48
1596602963969,48
1596602963977,48
1596602963981,48
1596602963985,48
1596602963989,48
1596602963997,48
1596602964001,48
1596602964005,48
1596602964010,48
1596602964018,48
1596602964022,48
1596602964026,48
1596602964030,48
1596602964038,48
1596602964042,48
1596602964046,48
1596602964051,48
1596602964059,48
1596602964063,48
1596602964067,48
1596602964071,48
1596602964079,48
1596602964083,48
1596602964087,48
1596602964091,48
1596602964100,48
1596602964104,48
1596602964108,48
1596602964112,48
1596602964120,48
1596602964124,48
1596602964128,48
1596602964132,48
1596602964141,48
1596602964145,48
1596602964149,48
1596602964154,48
1596602964162,48
1596602964166,48
1596602964170,48
1596602964174,48
1596602964183,48
1596602964187,48
1596602964191,48
1596602964195,48
1596602964203,48
1596602964207,48
1596602964211,48
1596602964215,48
1596602964224,48
1596602964228,48
1596602964232,48
1596602964236,48
1596602964244,48
1596602964248,48
1596602964252,48
1596602964256,48
1596602964264,48
1596602964269,48
1596602964273,48
1596602964281,48
1596602964285,48
1596602964289,48
1596602964293,48
1596602964301,48
1596602964305,48
1596602964310,48
1596602964314,48
1596602964322,48
1596602964326,48
1596602964330,48
1596602964334,48
1596602964342,48
1596602964346,48
1596602964350,48
1596602964355,48
1596602964363,48
1596602964367,48
1596602964371,48
1596602964375,48
1596602964383,48
1596602964387,48
1596602964391,48
1596602964396,48
1596602964404,48
1596602964408,48
1596602964412,48
1596602964416,48
1596602964424,48
1596602964428,48
1596602964432,48
1596602964436,48
1596602964445,48
1596602964448,48
1596602964452,48
1596602964457,48
1596602964465,48
1596602964469,48
1596602964473,48
1596602964477,48
1596602964486,48
1596602964489,48
1596602964493,48
1596602964498,48
1596602964506,48
1596602964510,48
1596602964514,48
1596602964518,48
1596602964527,48
1596602964530,48
1596602964534,48
1596602964538,48
1596602964547,48
1596602964551,48
1596602964555,48
1596602964559,48
1596602964567,48
1596602964571,48
1596602964575,48
1596602964579,48
1596602964588,48
1596602964592,48
1596602964596,48
1596602964600,48
1596602964608,48
1596602964613,48
1596602964616,48
1596602964620,48
1596602964629,48
1596602964633,48
1596602964637,48
1596602964645,48
1596602964649,48
1596602964653,48
1596602964657,48
1596602964665,48
1596602964669,48
1596602964673,48
1596602964678,48
1596602964686,48
1596602964690,48
1596602964694,48
1596602964698,48
1596602964706,48
1596602964710,48
1596602964714,48
1596602964718,48
1596602964727,48
1596602964731,48
1596602964735,48
1596602964739,48
1596602964747,48
1596602964751,48
1596602964755,48
1596602964759,48
1596602964768,48
1596602964772,48
1596602964776,48
1596602964780,48
1596602964788,48
1596602964792,48
1596602964796,48
1596602964800,48
1596602964809,48
1596602964813,48
1596602964817,48
1596602964821,48
1596602964829,48
1596602964833,48
1596602964837,48
1596602964841,48
1596602964850,48
1596602964854,48
1596602964858,48
1596602964862,48
1596602964870,48
1596602964874,48
1596602964878,48
1596602964882,48
1596602964890,48
1596602964895,48
1596602964899,48
1596602964903,48
1596602964911,48
1596602964915,48
1596602964919,48
1596602964923,48
1596602964931,48
1596602964936,48
1596602964940,48
1596602964944,48
1596602964952,48
1596602964956,48
1596602964960,48
1596602964964,48
1596602964972,48
1596602964976,48
1596602964981,48
1596602964989,48
1596602964993,48
1596602964997,48
1596602965001,48
1596602965009,48
1596602965013,48
1596602965017,48
1596602965022,48
1596602965030,158
1596602965034,316
1596602965038,474
1596602965042,632
1596602965050,790
1596602965054,790
1596602965058,790
1596602965067,790
1596602965071,790
1596602965075,790
1596602965079,790
1596602965087,790
1596602965091,790
1596602965095,790
1596602965099,790
1596602965108,790
1596602965112,790
1596602965116,790
1596602965124,790
1596602965128,790
1596602965132,790
1596602965136,790
1596602965144,790
1596602965149,790
1596602965153,790
1596602965157,790
1596602965165,790
1596602965169,790
1596602965173,790
1596602965181,790
1596602965185,790
1596602965189,790
1596602965193,790
1596602965201,790
1596602965205,790
1596602965210,790
1596602965214,790
1596602965222,790
1596602965226,790
1596602965230,790
1596602965238,790
1596602965242,790
1596602965246,790
1596602965250,790
1596602965260,790
1596602965264,790
1596602965268,790
1596602965272,790
1596602965280,790
1596602965284,790
1596602965288,790
1596602965296,790
1596602965301,790
1596602965305,790
1596602965309,790
1596602965317,790
1596602965321,790
1596602965325,790
1596602965329,790
1596602965337,790
1596602965342,790
1596602965346,790
1596602965354,790
1596602965358,790
1596602965362,790
1596602965366,790
1596602965374,790
1596602965378,790
1596602965383,790
1596602965387,790
1596602965395,790
1596602965399,790
1596602965403,790
1596602965407,790
1596602965415,790
1596602965419,790
1596602965423,790
1596602965432,790
1596602965436,790
1596602965440,790
1596602965444,790
1596602965452,790
1596602965456,790
1596602965460,790
1596602965464,790
1596602965473,790
1596602965477,790
1596602965481,790
1596602965489,790
1596602965493,790
1596602965497,790
1596602965501,790
1596602965509,790
1596602965514,790
1596602965518,790
1596602965522,790
1596602965530,790
1596602965534,790
1596602965538,790
1596602965546,790
1596602965550,790
1596602965555,790
1596602965559,790
1596602965567,790
1596602965571,790
1596602965575,790
1596602965579,790
1596602965587,790
1596602965591,790
1596602965595,790
1596602965603,790
1596602965608,790
1596602965612,790
1596602965616,790
1596602965624,790
1596602965628,790
1596602965632,790
1596602965636,790
1596602965645,790
1596602965649,790
1596602965653,790
1596602965661,790
1596602965665,790
1596602965669,790
1596602965673,790
1596602965681,790
1596602965686,790
1596602965689,790
1596602965693,790
1596602965702,790
1596602965706,790
1596602965710,790
1596602965718,790
1596602965722,790
1596602965727,790
1596602965730,790
1596602965739,790
1596602965742,790
1596602965747,790
1596602965751,790
1596602965759,790
1596602965763,790
1596602965767,790
1596602965775,790
1596602965779,790
1596602965783,790
1596602965788,790
1596602965796,790
1596602965800,790
1596602965804,790
1596602965808,790
1596602965816,790
1596602965820,790
1596602965824,790
1596602965828,790
1596602965837,790
1596602965841,790
1596602965845,790
1596602965853,790
1596602965857,790
1596602965861,790
1596602965865,790
1596602965873,790
1596602965877,790
1596602965882,790
1596602965886,790
1596602965894,790
1596602965898,790
1596602965902,790
1596602965910,790
1596602965914,790
1596602965918,790
1596602965923,790
1596602965931,790
1596602965935,790
1596602965939,790
1596602965943,790
1596602965951,790
1596602965955,790
1596602965959,790
1596602965968,790
1596602965972,790
1596602965976,790
1596602965980,790
1596602965988,790
1596602965992,790
1596602965996,790
1596602966000,790
1596602966009,790
1596602966013,790
1596602966017,790
1596602966025,790
1596602966029,790
1596602966033,790
1596602966037,790
1596602966045,790
1596602966049,790
1596602966054,790
1596602966058,790
1596602966066,790
1596602966070,790
1596602966074,790
1596602966082,790
1596602966086,790
1596602966090,790
1596602966095,790
1596602966103,790
1596602966107,790
1596602966111,790
1596602966115,790
1596602966123,790
1596602966127,790
1596602966132,790
1596602966140,790
1596602966144,790
1596602966148,790
1596602966152,790
1596602966160,790
1596602966164,790
1596602966168,790
1596602966173,790
1596602966181,790
1596602966185,790
1596602966189,790
1596602966193,790
1596602966201,790
1596602966205,790
1596602966209,790
1596602966217,790
1596602966221,790
1596602966226,790
1596602966230,790
1596602966238,790
1596602966242,790
1596602966246,790
1596602966251,790
1596602966258,790
1596602966262,790
1596602966267,790
1596602966275,790
1596602966279,790
1596602966283,790
1596602966287,790
1596602966295,790
1596602966299,790
1596602966303,790
1596602966307,790
1596602966316,790
1596602966320,790
1596602966324,790
1596602966332,790
1596602966336,790
1596602966340,790
1596602966345,790
1596602966354,790
1596602966358,790
1596602966362,790
1596602966366,790
1596602966374,790
1596602966378,790
1596602966382,790
1596602966390,790
1596602966394,790
1596602966399,790
1596602966403,790
1596602966411,790
1596602966415,790
1596602966419,790
1596602966423,790
1596602966431,790
1596602966435,790
1596602966440,790
1596602966447,790
1596602966451,790
1596602966455,790
1596602966460,790
1596602966468,790
1596602966472,790
1596602966476,790
1596602966480,790
1596602966489,790
1596602966492,790
1596602966496,790
1596602966505,790
1596602966509,790
1596602966513,790
1596602966517,790
1596602966526,790
1596602966529,790
1596602966534,790
1596602966537,790
1596602966546,790
1596602966550,790
1596602966554,790
1596602966562,790
1596602966566,790
1596602966570,790
1596602966574,790
1596602966582,790
1596602966587,790
1596602966591,790
1596602966595,790
1596602966603,790
1596602966607,790
1596602966611,790
1596602966615,790
1596602966623,790
1596602966627,790
1596602966632,790
1596602966640,790
1596602966644,790
1596602966648,790
1596602966652,790
1596602966660,790
1596602966664,790
1596602966668,790
1596602966673,790
1596602966681,790
1596602966685,790
1596602966689,790
1596602966697,790
1596602966701,790
1596602966705,790
1596602966709,790
1596602966719,790
1596602966722,790
1596602966726,790
1596602966730,790
1596602966738,790
1596602966742,790
1596602966746,790
1596602966754,790
1596602966759,790
1596602966763,790
1596602966767,790
1596602966775,790
1596602966779,790
1596602966783,790
1596602966787,790
1596602966795,790
1596602966799,790
1596602966804,790
1596602966812,790
1596602966816,790
1596602966820,790
1596602966824,790
1596602966832,790
1596602966836,790
1596602966840,790
1596602966845,790
1596602966853,790
1596602966857,790
1596602966861,790
1596602966869,790
1596602966873,790
1596602966877,790
1596602966881,790
1596602966890,790
1596602966894,790
1596602966898,790
1596602966902,790
1596602966910,790
1596602966914,790
1596602966918,790
1596602966926,790
1596602966931,790
1596602966935,790
1596602966939,790
1596602966947,790
1596602966951,790
1596602966955,790
1596602966959,790
1596602966967,790
1596602966971,790
1596602966975,790
1596602966983,790
1596602966988,790
1596602966992,790
1596602966996,790
1596602967004,790
1596602967008,790
1596602967012,790
1596602967017,790
1596602967024,790
1596602967028,790
1596602967032,790
1596602967037,790
1596602967045,790
1596602967049,790
1596602967053,790
1596602967061,790
1596602967065,790
1596602967069,790
1596602967073,790
1596602967082,790
1596602967086,790
1596602967090,790
1596602967094,790
1596602967103,790
1596602967107,790
1596602967111,790
1596602967118,790
1596602967123,790
1596602967127,790
1596602967131,790
1596602967139,790
1596602967143,790
1596602967147,790
1596602967151,790
1596602967159,790
1596602967164,790
1596602967168,790
1596602967176,790
1596602967180,790
1596602967184,790
1596602967188,790
1596602967196,790
1596602967200,790
1596602967204,790
1596602967208,790
1596602967217,790
1596602967221,790
1596602967225,790
1596602967233,790
1596602967237,790
1596602967241,790
1596602967245,790
1596602967253,790
1596602967258,790
1596602967262,790
1596602967266,790
1596602967274,790
1596602967278,790
1596602967282,790
1596602967290,790
1596602967294,790
1596602967299,790
1596602967303,790
1596602967311,790
1596602967315,790
1596602967319,790
1596602967323,790
1596602967331,790
1596602967335,790
1596602967339,790
1596602967348,790
1596602967352,790
1596602967356,790
1596602967360,790
1596602967368,790
1596602967372,790
1596602967376,790
1596602967380,790
1596602967389,790
1596602967393,790
1596602967397,790
1596602967405,790
1596602967409,790
1596602967413,790
1596602967417,790
1596602967426,790
1596602967430,790
1596602967435,790
1596602967438,790
1596602967446,790
1596602967450,790
1596602967455,790
1596602967459,790
1596602967468,790
1596602967472,790
1596602967476,790
1596602967484,790
1596602967488,790
1596602967492,790
1596602967496,790
1596602967504,790
1596602967508,790
1596602967512,790
1596602967517,790
1596602967525,790
1596602967529,790
1596602967533,790
1596602967541,790
1596602967545,790
1596602967549,790
1596602967553,790
1596602967562,790
1596602967566,790
1596602967570,790
1596602967574,790
1596602967582,790
1596602967586,790
1596602967590,790
1596602967598,790
1596602967603,790
1596602967607,790
1596602967611,790
1596602967619,790
1596602967623,790
1596602967627,790
1596602967631,790
1596602967639,790
1596602967644,790
1596602967648,790
1596602967656,790
1596602967660,790
1596602967664,790
1596602967668,790
1596602967676,790
1596602967680,790
1596602967684,790
1596602967688,790
1596602967697,790
1596602967701,790
1596602967705,790
1596602967713,790
1596602967717,790
1596602967721,790
1596602967725,790
1596602967734,790
1596602967738,790
1596602967741,790
1596602967745,790
1596602967754,790
1596602967758,790
1596602967762,790
1596602967770,790
1596602967774,790
1596602967778,790
1596602967782,790
1596602967791,790
1596602967795,790
1596602967799,790
1596602967803,790
1596602967811,790
1596602967815,790
1596602967820,790
1596602967823,790
1596602967832,790
1596602967836,790
1596602967840,790
1596602967848,790
1596602967852,790
1596602967856,790
1596602967860,790
1596602967868,790
1596602967872,790
1596602967877,790
1596602967881,790
1596602967889,790
1596602967893,790
1596602967897,790
1596602967905,790
1596602967909,790
1596602967913,790
1596602967917,790
1596602967926,790
1596602967930,790
1596602967934,790
1596602967938,790
1596602967946,790
1596602967950,790
1596602967954,790
1596602967963,790
1596602967967,790
1596602967971,790
1596602967975,790
1596602967983,790
1596602967987,790
1596602967991,790
1596602967995,790
1596602968003,790
1596602968008,790
1596602968012,790
1596602968020,790
1596602968024,790
1596602968028,790
1596602968032,790
1596602968040,790
1596602968044,790
1596602968049,790
1596602968053,790
1596602968061,790
1596602968065,790
1596602968069,790
1596602968077,790
1596602968081,790
1596602968085,790
1596602968090,790
1596602968098,790
1596602968102,790
1596602968106,790
1596602968110,790
1596602968118,790
1596602968122,790
1596602968126,790
1596602968135,790
1596602968139,790
1596602968143,790
1596602968147,790
1596602968155,790
1596602968159,790
1596602968163,790
1596602968167,790
1596602968176,790
1596602968180,790
1596602968183,790
1596602968191,790
1596602968196,790
1596602968200,790
1596602968204,790
1596602968212,790
1596602968216,790
1596602968220,790
1596602968224,790
1596602968232,790
1596602968237,790
1596602968241,790
1596602968245,790
1596602968253,790
1596602968257,790
1596602968261,790
1596602968269,790
1596602968273,790
1596602968277,790
1596602968282,790
1596602968290,790
1596602968294,790
1596602968298,790
1596602968302,790
1596602968310,790
1596602968314,790
1596602968318,790
1596602968326,790
1596602968331,790
